Topic 14:
line: 0.032725173979997635
thence: 0.029239583760499954
road: 0.026084398850798607
along: 0.019147012382745743
point: 0.01648619771003723
center: 0.015048214234411716
area: 0.0140919741243124
highway: 0.013396792113780975
street: 0.010914762504398823
foot: 0.010546385310590267

Topic 15:
sale: 0.013962259516119957
within: 0.010613962076604366
insurance: 0.009793191216886044
land: 0.009684712626039982
application: 0.007889348082244396
commission: 0.00752771832048893
available: 0.007311909459531307
made: 0.006858192849904299
notice: 0.006811490282416344
purpose: 0.006465244572609663

Topic 5:
act: 0.10666793584823608
part: 0.045986324548721313
repealed: 0.042653780430555344
assembly: 0.037949394434690475
enacted: 0.02470162883400917
inconsistent_herewith: 0.02176518738269806
inconsistent: 0.015330217778682709
provision: 0.015059804543852806
code: 0.014348930679261684
february: 0.009220434352755547

Topic 13:
effective: 0.014957960695028305
bond: 0.014071210287511349
commission: 0.013889188878238201
supply: 0.012924358248710632
equipment: 0.012186071835458279
highway: 0.01134897768497467
company: 0.010704847984015942
construction: 0.010491689667105675
facility: 0.009328579530119896
road: 0.009102323092520237

Topic 6:
member: 0.031319793313741684
power: 0.021672766655683517
district: 0.016341326758265495
authority: 0.013173617422580719
senator: 0.011295570991933346
house: 0.010764854028820992
assembly: 0.010280756279826164
city: 0.009628526866436005
duty: 0.00959989707916975
created: 0.009072238579392433

Topic 3:
amended: 0.06303277611732483
code: 0.053305283188819885
law: 0.028825022280216217
word: 0.02871902473270893
follows: 0.025517022237181664
read: 0.02507345750927925
striking: 0.019657926633954048
hospital: 0.018626714125275612
following: 0.0175501499325037
line: 0.015544098801910877

Topic 10:
dollar: 0.04692768678069115
salary: 0.04308154433965683
clerk: 0.025948507711291313
item: 0.019601671025156975
expense: 0.01902703382074833
office: 0.013542347587645054
sheriff: 0.012190181761980057
service: 0.01201147772371769
cent: 0.011969540268182755
total: 0.011263624764978886

Topic 4:
tax: 0.029930032789707184
fee: 0.016532965004444122
duty: 0.01211494393646717
required: 0.010991677641868591
paid: 0.00944296270608902
sheriff: 0.009305962361395359
treasurer: 0.00891835242509842
cost: 0.00890548899769783
report: 0.008809610269963741
case: 0.007961575873196125

Topic 8:
office: 0.018946008756756783
commission: 0.018115414306521416
item: 0.01588284969329834
magistrate: 0.015741216018795967
ey: 0.015261543914675713
constable: 0.011224944144487381
agent: 0.010936110280454159
house: 0.010615594685077667
police: 0.010067163035273552
rural: 0.008854280225932598

Topic 1:
court: 0.07608912140130997
amend: 0.023834088817238808
judge: 0.018510999158024788
relating: 0.016818149015307426
code: 0.01622660644352436
law: 0.01575895957648754
circuit: 0.014468172565102577
case: 0.01258621085435152
monday: 0.010522476397454739
provide: 0.010301546193659306

