Topic 0:
district: 0.06088382005691528
school: 0.05989299714565277
election: 0.020343201234936714
trustee: 0.018287044018507004
term: 0.017272958531975746
member: 0.014483186416327953
year: 0.012896721251308918
education: 0.012859383597970009
public: 0.00951175857335329
office: 0.009096384048461914

Topic 1:
court: 0.021445760503411293
item: 0.020200876519083977
service: 0.014203313738107681
total: 0.012152926065027714
supply: 0.011977099813520908
equipment: 0.011167855933308601
department: 0.010190858505666256
health: 0.008563466370105743
dollar: 0.008172753266990185
office: 0.007119351532310247

Topic 2:
road: 0.020687509328126907
thence: 0.020116811618208885
line: 0.01620299555361271
along: 0.014368949458003044
township: 0.013290432281792164
highway: 0.012910579331219196
land: 0.012111935764551163
street: 0.010474452748894691
center: 0.010343378409743309
area: 0.009418528527021408

Topic 3:
bond: 0.03374306485056877
interest: 0.014063093811273575
issued: 0.010362195782363415
fund: 0.010099707171320915
commission: 0.00975503958761692
issue: 0.008697953075170517
purpose: 0.008088761940598488
payment: 0.008025306276977062
treasurer: 0.007969912141561508
date: 0.007874947972595692

Topic 4:
act: 0.06274497509002686
approval: 0.038975030183792114
effect: 0.03891568258404732
governor: 0.03741786256432533
take: 0.037291038781404495
part: 0.03252910450100899
repealed: 0.024289648979902267
provision: 0.019910316914319992
effective: 0.01851365715265274
inconsistent_herewith: 0.012120049446821213

Topic 5:
power: 0.018859408795833588
city: 0.014780933037400246
duty: 0.014302022755146027
authority: 0.011055911891162395
commission: 0.010994620621204376
within: 0.010715838521718979
council: 0.010115338489413261
water: 0.008281664922833443
public: 0.008268538862466812
provision: 0.00780881941318512

Topic 6:
code: 0.05665694177150726
amended: 0.05481116101145744
law: 0.03149173781275749
follows: 0.022541610524058342
line: 0.02168167568743229
read: 0.02063123509287834
word: 0.019897133111953735
amend: 0.019885433837771416
following: 0.018032608553767204
assembly: 0.01564474031329155

Topic 7:
tax: 0.06077263131737709
property: 0.02238309010863304
levy: 0.015093824826180935
purpose: 0.013973255641758442
amount: 0.013221141882240772
treasurer: 0.012980974279344082
note: 0.010511230677366257
payment: 0.01030711643397808
paid: 0.008581909351050854
auditor: 0.008540910668671131

Topic 8:
salary: 0.026181316003203392
dollar: 0.024914627894759178
clerk: 0.023947808891534805
fund: 0.018568778410553932
court: 0.018067659810185432
office: 0.015984129160642624
item: 0.014731744304299355
sheriff: 0.011575551703572273
magistrate: 0.011228538118302822
expense: 0.010806570760905743

