Topic 0:
dollar: 0.042293984442949295
road: 0.03987476974725723
highway: 0.034100040793418884
department: 0.012590539641678333
township: 0.012436718679964542
commissioner: 0.011775411665439606
bridge: 0.010653648525476456
system: 0.010478118434548378
le: 0.009687981568276882
fifty: 0.008318370208144188

Topic 1:
district: 0.04548858851194382
school: 0.042064279317855835
bond: 0.03095058724284172
tax: 0.02979484386742115
interest: 0.018489986658096313
property: 0.017764106392860413
trustee: 0.016066454350948334
note: 0.011515265330672264
fund: 0.011132652871310711
treasurer: 0.009877538308501244

Topic 2:
court: 0.015873843804001808
commission: 0.012553229928016663
license: 0.009983978234231472
dollar: 0.009978793561458588
case: 0.00889965146780014
fee: 0.008748721331357956
paid: 0.006532618775963783
supervisor: 0.006322601344436407
required: 0.006114514544606209
service: 0.005850940477102995

Topic 3:
salary: 0.03177972137928009
clerk: 0.026915311813354492
office: 0.02481192722916603
court: 0.022397810593247414
service: 0.015498144552111626
magistrate: 0.01492026075720787
sheriff: 0.014635068364441395
officer: 0.012154019437730312
duty: 0.011128446087241173
expense: 0.00961338635534048

Topic 4:
act: 0.06750808656215668
part: 0.03400395065546036
repealed: 0.02658785507082939
hospital: 0.01724417321383953
provision: 0.016483986750245094
inconsistent_herewith: 0.01417160127311945
inconsistent: 0.009879250079393387
corporation: 0.009793974459171295
association: 0.007015422452241182
insurance: 0.0065799192525446415

Topic 5:
code: 0.03285890817642212
amended: 0.028588080778717995
line: 0.019293416291475296
law: 0.01928137056529522
assembly: 0.016333041712641716
following: 0.01277243159711361
enacted: 0.012640047818422318
amend: 0.01204240694642067
follows: 0.011951056309044361
city: 0.01129493024200201

Topic 6:
election: 0.034056518226861954
governor: 0.026339752599596977
approval: 0.025135673582553864
effect: 0.02498491480946541
member: 0.024053659290075302
take: 0.023616785183548927
term: 0.02234579622745514
year: 0.0150736253708601
office: 0.014010551385581493
appointed: 0.012065418995916843

Topic 7:
item: 0.039886992424726486
total: 0.01789352484047413
school: 0.01564830355346203
public: 0.013420079834759235
education: 0.01268620602786541
supply: 0.011425084434449673
commission: 0.01000966690480709
building: 0.009159531444311142
equipment: 0.009056099690496922
health: 0.008456285111606121

Topic 8:
tax: 0.02541675791144371
purpose: 0.01899796351790428
fund: 0.018797505646944046
bond: 0.017730794847011566
district: 0.016885953024029732
levy: 0.014955637976527214
treasurer: 0.014146669767796993
dollar: 0.013627343811094761
school: 0.013504649512469769
amount: 0.011392619460821152

